6
7
9
10
16
17
18
19
20
22
24
25
26
27
29
30
31
32
33
34
36
37
38
39
41
43
44
46
47
48
49
50
51
52
53
54
55
56
58
60
61
62
63
64
65
66
68
69
71
72
73
74
76
77
78
79
80
81
82
83
84
85
87
88
89
90
91
92
93
94
95
96
97
98
100
101
103
104
105
106
107
108
109
110
111
112
113
114
115
116
117
118
119
120
121
122
123
124
125
129
130
132
134
135
136
138
141
142
143
144
145
147
149
150
151
153
155
156
157
158
162
163
164
165
166
167
168
169
170
171
173
174
175
176
177
178
179
180
181
182
183
185
186
188
189
190
191
192
194
197
198
199
200
201
202
203
204
205
206
207
208
209
210
212
213
215
216
217
218
219
220
221
222
223
224
226
228
230
231
232
233
234
235
236
237
238
239
240
241
242
243
244
245
247
248
249
250
251
252
253
254
255
257
258
259
260
261
262
263
264
265
266
268
269
270
271
272
273
274
275
276
278
279
281
282
284
285
286
287
288
289
290
291
293
296
298
299
300
301
305
306
307
308
309
310
311
312
314
315
316
317
318
320
321
322
323
324
325
326
327
329
331
332
333
334
335
336
337
338
339
340
341
342
343
345
346
349
350
353
354
356
358
360
361
362
363
365
367
368
369
370
371
372
373
375
377
378
379
380
382
383
385
386
387
389
390
391
392
393
394
396
397
398
400
401
402
403
404
405
406
407
408
409
410
411
413
414
415
416
417
418
420
421
422
423
424
425
426
427
428
429
430
432
433
434
435
437
438
439
441
443
445
446
447
448
449
451
452
453
455
456
457
458
459
460
461
462
463
464
465
466
467
468
469
470
472
473
474
475
477
478
479
480
481
483
484
485
486
487
488
489
490
491
492
493
494
495
496
497
498
499
500
502
504
505
506
507
508
509
510
511
512
513
514
515
517
518
519
521
522
523
524
525
526
527
529
530
531
532
533
534
535
536
537
538
539
540
541
542
543
546
547
548
552
